3.155683143010347691e-01
3.282133824131732713e-01
3.125680268677383800e-01
3.515895297829857991e-01
4.062816606369784034e-01
4.554647838159904816e-01
4.830155557485376616e-01
4.725275819537734789e-01
4.358701430428367218e-01
3.819920100302459098e-01
3.502479044091935667e-01
4.157834070123925252e-01
4.519167640768605998e-01
4.063010487374426050e-01
3.938013912725665810e-01
3.863300376930348112e-01
4.025294247693475547e-01
3.917091376769173405e-01
3.816268803176304236e-01
2.904315853954552717e-01
3.325343606210474090e-01
3.144167977858771112e-01
3.186991129842405290e-01
3.201864507653882641e-01
3.241157443724565490e-01
2.828387733688063066e-01
3.414246655933925179e-01
3.578459972278151269e-01
3.569409432735009546e-01
3.346316687030836401e-01
3.427973722567710380e-01
3.809034105041497198e-01
4.187909744248328736e-01
4.082458170827753530e-01
4.317732971489191551e-01
4.534363524703694526e-01
4.464341603810547121e-01
5.872817399917715786e-01
5.927789036072399487e-01
5.625947467776601929e-01
6.203617375448478022e-01
6.125501494700351657e-01
6.048379158817251966e-01
6.359655256519467503e-01
6.210517120073102415e-01
6.452854615616294698e-01
7.022410948930577490e-01
6.931793901685359138e-01
7.744534922052412895e-01
7.785359290498865548e-01
8.063543622043001236e-01
7.419925554734432271e-01
6.380346191556245383e-01
6.550472496827628444e-01
6.046126519819041700e-01
5.900491818053228421e-01
5.871270124992213901e-01
5.668355322359723836e-01
6.536163787759292632e-01
6.294320424223658339e-01
6.711329486584955983e-01
6.329504142371797926e-01
6.400214830629096241e-01
6.397333021740270187e-01
6.840424717456441428e-01
7.041243796339118344e-01
7.539045351474078505e-01
7.767790817880291243e-01
8.114756081789975539e-01
8.023401231213762586e-01
8.778718060221417652e-01
8.403904111674191935e-01
7.748217149539826654e-01
7.921587375811718346e-01
8.320585132376450144e-01
8.125146436146348794e-01
8.219340094846407929e-01
8.212965412783725938e-01
8.060352508962216334e-01
7.482078326559120640e-01
7.522596408800796830e-01
7.143164776477639588e-01
6.936499095888279953e-01
7.599531653233067008e-01
7.761023847889745308e-01
7.756627203333705811e-01
8.104149214518541200e-01
8.329622847163915544e-01
8.329843132031857778e-01
8.364021989070071772e-01
8.419739727006589902e-01
8.075893153755355769e-01
8.298889336229746672e-01
8.356696762714217463e-01
8.189542040007631307e-01
7.775590561934218048e-01
8.214956275046041423e-01
8.199709091895133195e-01
8.498713360964116337e-01
8.578229408737216843e-01
8.518068253333668238e-01
9.215255526716092938e-01
9.139209720206431520e-01
9.178668624328303327e-01
8.842392457460259703e-01
8.670709070108633121e-01
7.807890207944552241e-01
7.712887832195063353e-01
7.857494286395458882e-01
7.361749980743290678e-01
6.947722308294657090e-01
6.818593883619807894e-01
6.617204478354352659e-01
6.415075760667747762e-01
7.384087771536282929e-01
7.579408781523211402e-01
7.539158511412418218e-01
7.293966365388775408e-01
8.104144688020582521e-01
8.119184411059223727e-01
7.888017319809557115e-01
7.997947767363251526e-01
7.251175275487451444e-01
8.041153023137157518e-01
7.842717094637787767e-01
8.028096618261941764e-01
8.307623027675163918e-01
8.197258799939397544e-01
7.739062502668012655e-01
7.902211360235649185e-01
6.443326540581024720e-01
6.552569729474468918e-01
6.584308856063640913e-01
5.981687160647704005e-01
5.922951821780477744e-01
5.359303196736566743e-01
5.237998656923088525e-01
4.097208204177048008e-01
4.827283555751294419e-01
4.155580676580638566e-01
4.200374699341125617e-01
3.666177104835835476e-01
4.426206672145304721e-01
4.367543001155337890e-01
4.539807276782689693e-01
4.374253391273278946e-01
3.845209859350761650e-01
3.636336049232076761e-01
3.841448419694071803e-01
4.161019902354800570e-01
4.035887535664157144e-01
4.207819120837179017e-01
4.523307789245535893e-01
4.076343756990191136e-01
3.817081292178615137e-01
3.877031969868965366e-01
3.432518229569354040e-01
3.415508767668037904e-01
4.163388719085406309e-01
4.039300442316787199e-01
4.161317890494989347e-01
3.817189171460169672e-01
4.501888857839379532e-01
4.718309687885760551e-01
4.754577478926847456e-01
4.356890115517992323e-01
4.300196183583825937e-01
3.862521835890226352e-01
3.829424788882234698e-01
3.845343388143663277e-01
3.068665339323510266e-01
3.228760761925247302e-01
3.463866576934565011e-01
3.645291534442463566e-01
3.061150004302148342e-01
3.167079490197700076e-01
3.642820873632164891e-01
3.601239087352104407e-01
3.878074551087087873e-01
3.718370285078415605e-01
3.434721832793847240e-01
3.497474352851796531e-01
3.646471416406369959e-01
3.766061958891206429e-01
3.468303959006605042e-01
3.562779763490247498e-01
3.489417358366809219e-01
3.300547979362857265e-01
3.478348043801026690e-01
3.424756959975577275e-01
3.563743886891045931e-01
3.354329171853813185e-01
3.266684084542491040e-01
3.289921497588809696e-01
3.088757658041207388e-01
3.019388293494171260e-01
3.040927551568453624e-01
3.091863146574880816e-01
2.902796491789379485e-01
2.707645221999647744e-01
3.152482222774818932e-01
3.191573356952245866e-01
3.436543709210916897e-01
3.573836253300357035e-01
3.778114257008448607e-01
4.161923673736984131e-01
4.561580776201639709e-01
4.675325471331746585e-01
4.677742569677242890e-01
5.107859335936451028e-01
4.990177426136849781e-01
4.671267552431896397e-01
4.521990606535844504e-01
4.319407740005733465e-01
4.627352406087322234e-01
4.844050101067378100e-01
5.220056756141058241e-01
5.555961758094623004e-01
5.409633008307872526e-01
5.905443701180517202e-01
5.754733394649251821e-01
5.756395338410120743e-01
5.531335871444202912e-01
6.181212443083057284e-01
6.046724004803321062e-01
6.037078997683706927e-01
5.835740891634073613e-01
5.582914215255745383e-01
5.603352426359420324e-01
5.973458162909666136e-01
6.479758036617446759e-01
6.396002259729829387e-01
6.476373797270222887e-01
6.519729933090665508e-01
6.164371212288783930e-01
6.406681549423600686e-01
6.016842211490436299e-01
6.425584556005499159e-01
6.395405529097502040e-01
6.381390281478269699e-01
6.038620237407346103e-01
6.060193066460968225e-01
6.384711151399076190e-01
6.477546135135239247e-01
6.612281262339341215e-01
6.596686300729450725e-01
6.946010574021868056e-01
7.115985999246714488e-01
5.991525294033757110e-01
5.852524788010664558e-01
5.910468761082094957e-01
5.619328360038533532e-01
5.680655063753285994e-01
5.847093860687342382e-01
5.634617035250522044e-01
6.045863988538069389e-01
6.255185157753324621e-01
6.179288722393170286e-01
6.079666399618768313e-01
6.274887074229908990e-01
6.078256425632178050e-01
5.225329259318951536e-01
4.810083230446266511e-01
5.366448121388527337e-01
5.621488962304919124e-01
5.224546946325949737e-01
5.200762215790117882e-01
5.295769872389515243e-01
5.107894792795668604e-01
4.875913703646662101e-01
4.978236024708965757e-01
5.408238122132806858e-01
6.243712239014778120e-01
6.165408512463870228e-01
6.259743998407671928e-01
6.436058648835982776e-01
6.899931053458026042e-01
7.642818384232104023e-01
7.342416965932203610e-01
7.373677048325344430e-01
7.566875930312908505e-01
7.528898668248014125e-01
8.052891490757605464e-01
7.774068936713189881e-01
8.036728465627662743e-01
8.021360578632652505e-01
8.846479043472388337e-01
8.710948778519607139e-01
8.838689861118282920e-01
8.929934569163961999e-01
9.361748736043256081e-01
9.696020461541361435e-01
8.965487943329548681e-01
8.672340083315117631e-01
8.807789627587845338e-01
8.718414323222174467e-01
9.125715763196262653e-01
8.608903322197849484e-01
8.245553994131458175e-01
8.658796335986154169e-01
8.968924236437674224e-01
8.903428716940586796e-01
8.793370775795852357e-01
8.732622697107843557e-01
9.161748935909830305e-01
9.112239911791677471e-01
8.819109403030878092e-01
8.756043052283009054e-01
8.833642169113162801e-01
9.181174741804691841e-01
1.000000000000000222e+00
9.885089756558691487e-01
9.503356449270481399e-01
9.494613705022272310e-01
9.341267523981473531e-01
9.401829265956855863e-01
9.594436698162001065e-01
9.225764322053842115e-01
8.569786161333099450e-01
8.609718074449141945e-01
7.948090964786114210e-01
8.175486054872398434e-01
8.480165676940090158e-01
8.293466707357266543e-01
7.822008808347375997e-01
8.069169184529789707e-01
7.820297074074586963e-01
8.012313811042393041e-01
7.296796875061779541e-01
7.537299669239101441e-01
8.007249522135591047e-01
8.115035209779501990e-01
7.960313757259378509e-01
8.003651787474237445e-01
7.858418426632205467e-01
7.302297207206507323e-01
6.453015302817572962e-01
6.485488460784858411e-01
6.719900981932065420e-01
6.742585797025215655e-01
6.704870311696216056e-01
6.157805667015516793e-01
6.074989872721250350e-01
6.484264069352068116e-01
6.626371949981839649e-01
5.977301832143435689e-01
5.953190446355136611e-01
6.394308631062626258e-01
6.156512624920145171e-01
5.873914297759463832e-01
5.998796203572860364e-01
5.971418264680508070e-01
6.004879687049164971e-01
6.402012566238719504e-01
6.342510002383143775e-01
6.758895930055686119e-01
6.766168348298688962e-01
6.690397897632545110e-01
6.763719565046857340e-01
6.731062333422799249e-01
6.141724871655782625e-01
5.920760289152833256e-01
6.062401950342246604e-01
5.894057538517007977e-01
6.160642966242333429e-01
6.094672174695223710e-01
5.923349390751377896e-01
5.815093711714227620e-01
5.365385171315841806e-01
5.286575242353652726e-01
4.976988246820682193e-01
5.010986047609924388e-01
5.045296924737137090e-01
5.027849910507744546e-01
5.204482163385728555e-01
5.438792086101289502e-01
5.176616882039630774e-01
5.274750018658165285e-01
5.289755793734618461e-01
5.277488491406217008e-01
5.110756987181881428e-01
5.134913637177265233e-01
5.012991997876894423e-01
4.807522796153125832e-01
3.991930142906552903e-01
3.716325860351298860e-01
3.957068553899176222e-01
4.029978318689883543e-01
4.087853641291857021e-01
4.068177374519748590e-01
4.123433419513869436e-01
4.248211972350541266e-01
4.316549317572402900e-01
4.273949845233616096e-01
4.383167384422586577e-01
4.433408931214949944e-01
4.087656742879410277e-01
4.126594356585347456e-01
4.965974757775553639e-01
4.954442995915420700e-01
5.142020841721031132e-01
5.417776758674772708e-01
5.471496844988288366e-01
5.514052562017017767e-01
5.364633788684096682e-01
5.141152527004939632e-01
5.109582386067885729e-01
5.100514495271111226e-01
5.175718391314232392e-01
5.559708864098609205e-01
5.441255957164650159e-01
4.780020381270664864e-01
4.682098476717280744e-01
4.699707686851856692e-01
4.373173844492035944e-01
4.111275505364052063e-01
4.345102611930701797e-01
4.154012278641748268e-01
4.354098834657089134e-01
4.524360931970352051e-01
4.503296568770117081e-01
4.233814998310139743e-01
5.292814132181327125e-01
5.517111655008803961e-01
5.433966942213090956e-01
5.149621424113528523e-01
4.509564880255146346e-01
4.560353367167919170e-01
4.370973259061600724e-01
4.301844548237068744e-01
4.432249417912481060e-01
5.059071518440736437e-01
4.567474905364386495e-01
4.443393418149580998e-01
4.464451746341082106e-01
4.260829316386903209e-01
4.611757444477430634e-01
4.548418000941896744e-01
4.897039173410587254e-01
4.859852522596411206e-01
5.023967012461874049e-01
5.099189014110581120e-01
4.917103956350808436e-01
4.884305651834957573e-01
5.131664435326845908e-01
5.234822631846955954e-01
5.441077164357788210e-01
5.515971001856996292e-01
5.545345083668447028e-01
5.993333591536327276e-01
6.052722240908490203e-01
6.117946176321813478e-01
6.040103388361350856e-01
5.745780927039796371e-01
5.889267851294899270e-01
5.809565466809174517e-01
5.922470514335465008e-01
5.955130009208504660e-01
5.749125183416097240e-01
5.295422093737407465e-01
5.352801775434794518e-01
5.117924543937386606e-01
5.213420297342481469e-01
5.102475935876071844e-01
4.583782775145877619e-01
4.700678599999593144e-01
4.901442607520440364e-01
4.663662443734565843e-01
4.783004788591133649e-01
4.758095247260100691e-01
4.621452241915840475e-01
4.835680030437549681e-01
4.966336869887238437e-01
4.941545014992502760e-01
4.777963886139823813e-01
4.625965064204274335e-01
4.576990155450856856e-01
4.573622512812188234e-01
4.764627598923129592e-01
4.312547978738285326e-01
4.529556486421078554e-01
4.632436309303611943e-01
4.407636356017736179e-01
4.234797981861599392e-01
4.380457578786812189e-01
4.392090430374686050e-01
4.241669059180818713e-01
4.617863560057278716e-01
4.014685117173061868e-01
3.911513341352200190e-01
3.807424214848403321e-01
3.528803085714393162e-01
2.802200992811390567e-01
2.942401749652953646e-01
2.539433584615362061e-01
2.560947193178296222e-01
2.606399807293629522e-01
2.764408558755219736e-01
2.996903394414399124e-01
2.718377319806268289e-01
2.827095823313744982e-01
2.497702049623566345e-01
2.805557696574262905e-01
2.590493278242796404e-01
2.635199413400318158e-01
2.807370897557642242e-01
2.570827195801405618e-01
2.678336018704770560e-01
2.660331879831120960e-01
2.603333170202953295e-01
2.479799755022736307e-01
2.515977395405002981e-01
2.637851130073332606e-01
3.078263196356160747e-01
3.090994077506837301e-01
2.706048533931327271e-01
2.835135843721074411e-01
2.687761495115270072e-01
2.712582771667360615e-01
2.726825470691194853e-01
3.009564493567692955e-01
2.968004962022073312e-01
2.786249199939722643e-01
2.766481273418640030e-01
2.567909930246489725e-01
2.428280631508756282e-01
2.119633241586287853e-01
1.293967459257042152e-01
1.239777004567435559e-01
1.310470341571101094e-01
8.872936802765418740e-02
9.046426223791259602e-02
6.238676805325421570e-02
9.204382543543471185e-02
9.293733707101697883e-02
9.508221009496575782e-02
8.110819055225654273e-02
1.023298462927394459e-01
1.051452302434912611e-01
1.103728089430549009e-01
1.011984722686224414e-01
9.556272533523951784e-02
8.677848902595231007e-02
8.336765697637704697e-02
7.720118947447790481e-02
6.724823632472803903e-02
6.672464482634021810e-02
6.778337012253499161e-02
8.582496484944657222e-02
8.503031735228622212e-02
9.194677185757121896e-02
1.129848443086746146e-01
1.147911425081981074e-01
1.121084198262921050e-01
9.797624027721624218e-02
8.079005997896487878e-02
6.830168080963772148e-02
8.545440345515575853e-02
9.236535082425784138e-02
9.751039812871026280e-02
1.043468484724214274e-01
9.640987906928155660e-02
1.293639295107545939e-01
1.468176201411693915e-01
1.437719932394047606e-01
1.424760467924588991e-01
1.337921080061764134e-01
1.289736028400240153e-01
1.317485509383043429e-01
1.076567417805209259e-01
1.053016174068970301e-01
1.379553411205696190e-01
1.555943124481298234e-01
1.548362156591412409e-01
1.519697210805552312e-01
1.458029895361605544e-01
1.453646452930341115e-01
1.388740120159820401e-01
1.363322867520477821e-01
1.321694308136301954e-01
1.448840546175652055e-01
1.385488277884445174e-01
1.426935403843677119e-01
1.549299498759808547e-01
1.424700493081950126e-01
1.575981126189117121e-01
1.577890513226303804e-01
1.663887613253485220e-01
1.667991550519246635e-01
1.647764571480719309e-01
1.612545773842466446e-01
1.563553136852565140e-01
1.457856383404653178e-01
1.434051661190234861e-01
9.830655440702340542e-02
1.038784036551830825e-01
1.109866266899581788e-01
1.083753079973172606e-01
1.108701095764353384e-01
1.083002074517402935e-01
1.122763870453398205e-01
8.638035429108686936e-02
8.216476579088960452e-02
7.395836234223518435e-02
8.711374448935382819e-02
7.743452546161661010e-02
8.231975732593527217e-02
8.381411102441876926e-02
8.077489651980362950e-02
7.811586203417264507e-02
8.110207991519996495e-02
7.773507851431499249e-02
5.891098214847356740e-02
6.765297204473086357e-02
6.841601014800130498e-02
1.080323953787962754e-01
1.138143450869283368e-01
1.155277011584733837e-01
1.271383356715657387e-01
8.708888698961680941e-02
8.601477194798801129e-02
7.558828177701515383e-02
7.696668414525181801e-02
8.382252258942718415e-02
7.014781132213387949e-02
7.255461210686803275e-02
5.993689102971877514e-02
5.330514718190221268e-02
7.003280300907643863e-02
6.779423348588553555e-02
6.082957282021689283e-02
5.822402528694192725e-02
6.634642627692999284e-02
6.418099584905490040e-02
7.028714904993738077e-02
7.311317003914180601e-02
